Model_ID, [(c_i,i=0,n)_j,j=1,ntask]
           1    0.0000000000E+00    0.9526409654E-01
           2    0.0000000000E+00    0.2310878482E-01
           3    0.0000000000E+00   -0.1056382227E+00
           4    0.0000000000E+00   -0.1016136028E+00
           5    0.0000000000E+00   -0.9412289420E-01
           6    0.0000000000E+00    0.1109365589E+00
           7    0.0000000000E+00    0.1103320293E+00
           8    0.0000000000E+00   -0.9560980966E-01
           9    0.0000000000E+00   -0.3906158896E-01
          10    0.0000000000E+00    0.1307584427E+00
          11    0.0000000000E+00    0.1183877992E+00
          12    0.0000000000E+00    0.1300111756E+00
          13    0.0000000000E+00    0.1306041160E+00
          14    0.0000000000E+00   -0.1312845377E+00
          15    0.0000000000E+00    0.1151699473E+00
          16    0.0000000000E+00    0.1049295887E+00
          17    0.0000000000E+00    0.3259534458E-01
          18    0.0000000000E+00    0.1077832840E+00
          19    0.0000000000E+00    0.1072897265E+00
          20    0.0000000000E+00   -0.4972970761E-01
          21    0.0000000000E+00   -0.1067279837E+00
          22    0.0000000000E+00   -0.4983294721E-01
          23    0.0000000000E+00    0.1145298696E+00
          24    0.0000000000E+00    0.9422868175E-01
          25    0.0000000000E+00    0.1220585651E+00
          26    0.0000000000E+00   -0.1662143963E+00
          27    0.0000000000E+00    0.3140634901E-01
          28    0.0000000000E+00   -0.5020566607E-01
          29    0.0000000000E+00    0.1696613264E+00
          30    0.0000000000E+00    0.8007161081E-01
          31    0.0000000000E+00   -0.5003541644E-01
          32    0.0000000000E+00    0.9081791567E-01
          33    0.0000000000E+00    0.1207893392E+00
          34    0.0000000000E+00    0.9558728904E-01
          35    0.0000000000E+00    0.3134068791E-01
          36    0.0000000000E+00   -0.1220138620E+00
          37    0.0000000000E+00    0.1686218531E+00
          38    0.0000000000E+00   -0.9495132727E-01
          39    0.0000000000E+00    0.1724396264E+00
          40    0.0000000000E+00    0.9001565524E-01
          41    0.0000000000E+00    0.1556594971E+00
          42    0.0000000000E+00    0.1091358964E+00
          43    0.0000000000E+00   -0.1163104559E+00
          44    0.0000000000E+00   -0.3445336090E-01
          45    0.0000000000E+00   -0.1162005057E+00
          46    0.0000000000E+00    0.6609182689E-01
          47    0.0000000000E+00    0.3435354820E-01
          48    0.0000000000E+00    0.1084327379E+00
          49    0.0000000000E+00    0.1938623735E+00
          50    0.0000000000E+00    0.4119026527E-01
          51    0.0000000000E+00    0.9788477336E-01
          52    0.0000000000E+00    0.7066331660E-01
          53    0.0000000000E+00    0.1022479400E+00
          54    0.0000000000E+00    0.1456976875E+00
          55    0.0000000000E+00   -0.2992279438E-01
          56    0.0000000000E+00    0.7437574726E-01
          57    0.0000000000E+00    0.3712501769E+00
          58    0.0000000000E+00    0.1695722306E+00
          59    0.0000000000E+00    0.9945135722E-01
          60    0.0000000000E+00    0.3115953231E-01
          61    0.0000000000E+00   -0.5087974632E-01
          62    0.0000000000E+00   -0.1086528405E+00
          63    0.0000000000E+00    0.3054086612E-01
          64    0.0000000000E+00    0.2047653907E+00
          65    0.0000000000E+00    0.1651992129E+00
          66    0.0000000000E+00    0.4173903475E+00
          67    0.0000000000E+00   -0.6012684942E-01
          68    0.0000000000E+00   -0.1187223319E+00
          69    0.0000000000E+00   -0.5194284152E-01
          70    0.0000000000E+00    0.1181042258E+00
          71    0.0000000000E+00    0.1175657392E+00
          72    0.0000000000E+00   -0.3595316104E-01
          73    0.0000000000E+00   -0.1367695089E+00
          74    0.0000000000E+00    0.9128466300E-01
          75    0.0000000000E+00    0.1540428362E+00
          76    0.0000000000E+00    0.1016390047E+00
          77    0.0000000000E+00    0.3454296386E-01
          78    0.0000000000E+00    0.1261273948E+00
          79    0.0000000000E+00    0.1070329872E+00
          80    0.0000000000E+00    0.3448844514E-01
          81    0.0000000000E+00    0.9690862462E-01
          82    0.0000000000E+00    0.1906540182E+00
          83    0.0000000000E+00   -0.1239470625E+00
          84    0.0000000000E+00    0.1436411201E+00
          85    0.0000000000E+00    0.1660255854E+00
          86    0.0000000000E+00    0.4367174038E-01
          87    0.0000000000E+00   -0.1054434945E+00
          88    0.0000000000E+00    0.3281241682E-01
          89    0.0000000000E+00    0.1403383614E+00
          90    0.0000000000E+00   -0.1026068901E+00
          91    0.0000000000E+00   -0.2742707309E+00
          92    0.0000000000E+00    0.3694059221E-01
          93    0.0000000000E+00    0.1472752071E+00
          94    0.0000000000E+00    0.6977318649E-01
          95    0.0000000000E+00    0.1490455144E+00
          96    0.0000000000E+00    0.7690164772E-01
          97    0.0000000000E+00    0.9742588623E-01
          98    0.0000000000E+00    0.9697793503E-01
          99    0.0000000000E+00    0.1498309192E+00
         100    0.0000000000E+00   -0.9568677719E-01
         101    0.0000000000E+00    0.1396316098E+00
         102    0.0000000000E+00    0.1395531596E+00
         103    0.0000000000E+00   -0.9646799641E-01
         104    0.0000000000E+00    0.3514867733E+00
         105    0.0000000000E+00    0.1394747291E+00
         106    0.0000000000E+00    0.7016027956E-01
         107    0.0000000000E+00   -0.2266922836E+00
         108    0.0000000000E+00   -0.1123005903E+00
         109    0.0000000000E+00   -0.2742668286E+00
         110    0.0000000000E+00    0.1267313893E+00
         111    0.0000000000E+00    0.7033473404E-01
         112    0.0000000000E+00   -0.3171633278E-01
         113    0.0000000000E+00    0.2130234712E+00
         114    0.0000000000E+00    0.3896439750E-01
         115    0.0000000000E+00   -0.2728207967E-01
         116    0.0000000000E+00    0.3182175847E-01
         117    0.0000000000E+00    0.1387702768E+00
         118    0.0000000000E+00   -0.4604823110E-01
         119    0.0000000000E+00    0.1214100030E+00
         120    0.0000000000E+00    0.8108425841E-01
         121    0.0000000000E+00   -0.9550295787E-01
         122    0.0000000000E+00    0.5332156927E-01
         123    0.0000000000E+00    0.1232567347E+00
         124    0.0000000000E+00   -0.2912678938E-01
         125    0.0000000000E+00    0.3772026540E+00
         126    0.0000000000E+00    0.2768181208E-01
         127    0.0000000000E+00    0.3053818633E-01
         128    0.0000000000E+00   -0.2225182353E+00
         129    0.0000000000E+00    0.3022701891E+00
         130    0.0000000000E+00   -0.2681711383E-01
         131    0.0000000000E+00    0.5467932871E-01
         132    0.0000000000E+00    0.1129150641E+00
         133    0.0000000000E+00    0.4783268695E+00
         134    0.0000000000E+00    0.2055673092E+00
         135    0.0000000000E+00    0.6158744733E-01
         136    0.0000000000E+00    0.3416660894E+00
         137    0.0000000000E+00    0.2625300078E-01
         138    0.0000000000E+00   -0.8795243970E-01
         139    0.0000000000E+00    0.1263971042E+00
         140    0.0000000000E+00    0.3368166202E-01
         141    0.0000000000E+00    0.1475366189E+00
         142    0.0000000000E+00    0.8229129794E-01
         143    0.0000000000E+00    0.3343963187E-01
         144    0.0000000000E+00   -0.8473223755E-01
         145    0.0000000000E+00    0.3318934849E+00
         146    0.0000000000E+00   -0.3668003823E+00
         147    0.0000000000E+00   -0.7897182604E-01
         148    0.0000000000E+00    0.1023230485E+00
         149    0.0000000000E+00    0.1098845400E+00
         150    0.0000000000E+00    0.1745693677E+00
         151    0.0000000000E+00    0.6438820441E-01
         152    0.0000000000E+00   -0.3871874441E-01
         153    0.0000000000E+00   -0.7678377301E-01
         154    0.0000000000E+00    0.7785087619E-01
         155    0.0000000000E+00   -0.8243238932E-01
         156    0.0000000000E+00    0.1189852897E+00
         157    0.0000000000E+00    0.9353835734E-01
         158    0.0000000000E+00    0.7879874099E-01
         159    0.0000000000E+00   -0.1106007142E+00
         160    0.0000000000E+00   -0.5187081344E+00
         161    0.0000000000E+00    0.7573607067E-01
         162    0.0000000000E+00    0.1771859147E+00
         163    0.0000000000E+00   -0.9567032256E-01
         164    0.0000000000E+00   -0.3293409114E-01
         165    0.0000000000E+00    0.3522758811E+00
         166    0.0000000000E+00    0.9270354501E-01
         167    0.0000000000E+00    0.1761207433E+00
         168    0.0000000000E+00    0.1143398316E+00
         169    0.0000000000E+00   -0.4403278792E-01
         170    0.0000000000E+00    0.7555488644E-01
         171    0.0000000000E+00   -0.2681509348E-01
         172    0.0000000000E+00    0.1352541753E+00
         173    0.0000000000E+00   -0.8001909417E-01
         174    0.0000000000E+00    0.1759846522E+00
         175    0.0000000000E+00    0.3304131392E-01
         176    0.0000000000E+00    0.1947962614E-01
         177    0.0000000000E+00   -0.2803150888E-01
         178    0.0000000000E+00    0.9032742360E-01
         179    0.0000000000E+00    0.8108309911E-01
         180    0.0000000000E+00    0.6451369900E-01
         181    0.0000000000E+00   -0.2625305322E-01
         182    0.0000000000E+00   -0.2873369139E-01
         183    0.0000000000E+00    0.3757174377E+00
         184    0.0000000000E+00    0.4073937934E-01
         185    0.0000000000E+00   -0.3376761842E-01
         186    0.0000000000E+00    0.3197615767E-01
         187    0.0000000000E+00   -0.2893730187E-01
         188    0.0000000000E+00    0.3762016387E-01
         189    0.0000000000E+00   -0.2895996017E-01
         190    0.0000000000E+00    0.2036192750E-01
         191    0.0000000000E+00    0.2898265041E-01
         192    0.0000000000E+00   -0.1444962609E-01
         193    0.0000000000E+00    0.1907216649E-01
         194    0.0000000000E+00    0.8185819274E-01
         195    0.0000000000E+00    0.1519530123E+00
         196    0.0000000000E+00    0.2918959283E-01
         197    0.0000000000E+00    0.1600783810E+00
         198    0.0000000000E+00   -0.2038863811E-01
         199    0.0000000000E+00    0.1306309880E+00
         200    0.0000000000E+00    0.1767405865E+00
         201    0.0000000000E+00    0.1941863306E+00
         202    0.0000000000E+00    0.1950735254E+00
         203    0.0000000000E+00   -0.1960916920E+00
         204    0.0000000000E+00    0.2087144886E-01
         205    0.0000000000E+00    0.3813898503E+00
         206    0.0000000000E+00    0.1767266959E+00
         207    0.0000000000E+00    0.9197003605E-01
         208    0.0000000000E+00    0.1768092486E+00
         209    0.0000000000E+00   -0.2097127872E-01
         210    0.0000000000E+00    0.3673072473E+00
         211    0.0000000000E+00    0.2101890975E-01
         212    0.0000000000E+00    0.2103529123E-01
         213    0.0000000000E+00   -0.2105169568E-01
         214    0.0000000000E+00    0.1768918138E+00
         215    0.0000000000E+00    0.2109926260E-01
         216    0.0000000000E+00   -0.3193850156E-01
         217    0.0000000000E+00    0.1768778448E+00
         218    0.0000000000E+00    0.1604584637E+00
         219    0.0000000000E+00   -0.2120156082E-01
         220    0.0000000000E+00   -0.3451534886E-01
         221    0.0000000000E+00    0.9414319017E-01
         222    0.0000000000E+00    0.2168046923E-01
         223    0.0000000000E+00    0.1609577766E+00
         224    0.0000000000E+00    0.1049958944E+00
         225    0.0000000000E+00    0.2776073883E+00
         226    0.0000000000E+00    0.1602196425E+00
         227    0.0000000000E+00   -0.1593795386E+00
         228    0.0000000000E+00    0.1466485534E+00
         229    0.0000000000E+00   -0.1527737776E-01
         230    0.0000000000E+00    0.4284070647E+00
         231    0.0000000000E+00    0.2319506412E-01
         232    0.0000000000E+00    0.1395945731E+00
         233    0.0000000000E+00   -0.2998152215E-01
         234    0.0000000000E+00   -0.7376872038E-01
         235    0.0000000000E+00    0.1776355595E+00
         236    0.0000000000E+00    0.1533250033E+00
         237    0.0000000000E+00    0.2760244810E-01
         238    0.0000000000E+00    0.2463819335E-01
         239    0.0000000000E+00   -0.3119110500E-01
         240    0.0000000000E+00   -0.1326087696E+00
         241    0.0000000000E+00    0.3728646597E+00
         242    0.0000000000E+00    0.7679908597E-01
         243    0.0000000000E+00    0.2177606041E-01
         244    0.0000000000E+00    0.1774914716E+00
         245    0.0000000000E+00    0.6437872102E-02
         246    0.0000000000E+00    0.6625581957E-01
         247    0.0000000000E+00    0.7904516701E-01
         248    0.0000000000E+00   -0.8061679556E-01
         249    0.0000000000E+00    0.3146003436E-01
         250    0.0000000000E+00    0.8799001962E-01
         251    0.0000000000E+00   -0.1588298984E+00
         252    0.0000000000E+00   -0.7602653419E-01
         253    0.0000000000E+00    0.2196918316E+00
         254    0.0000000000E+00   -0.2574909767E-01
         255    0.0000000000E+00   -0.2284811371E-01
         256    0.0000000000E+00    0.4527104342E-01
         257    0.0000000000E+00    0.1465528530E+00
         258    0.0000000000E+00   -0.3023275854E+00
         259    0.0000000000E+00    0.1870681602E-01
         260    0.0000000000E+00    0.9119411993E-01
         261    0.0000000000E+00    0.6006463827E-01
         262    0.0000000000E+00    0.9876717435E-01
         263    0.0000000000E+00    0.6992676995E-01
         264    0.0000000000E+00    0.3705361937E+00
         265    0.0000000000E+00   -0.9998057767E-02
         266    0.0000000000E+00    0.9693655960E-01
         267    0.0000000000E+00    0.2579075464E+00
         268    0.0000000000E+00    0.2127545950E+00
         269    0.0000000000E+00    0.5520433172E-01
         270    0.0000000000E+00    0.5302703436E-01
         271    0.0000000000E+00    0.2166844875E+00
         272    0.0000000000E+00    0.1978498688E+00
         273    0.0000000000E+00   -0.1254742359E+00
         274    0.0000000000E+00    0.9297231416E-02
         275    0.0000000000E+00   -0.5425591851E-01
         276    0.0000000000E+00   -0.3101939752E-01
         277    0.0000000000E+00   -0.3418653953E+00
         278    0.0000000000E+00   -0.2981741771E+00
         279    0.0000000000E+00   -0.1426790995E+00
         280    0.0000000000E+00    0.2024347759E+00
         281    0.0000000000E+00   -0.7989482279E-01
         282    0.0000000000E+00   -0.9323262057E-02
         283    0.0000000000E+00    0.7947525312E-01
         284    0.0000000000E+00    0.7910999490E-01
         285    0.0000000000E+00    0.1969393772E+00
         286    0.0000000000E+00    0.1964802909E+00
         287    0.0000000000E+00   -0.2722200949E+00
         288    0.0000000000E+00    0.4581706661E+00
         289    0.0000000000E+00    0.1963282648E+00
         290    0.0000000000E+00    0.5489806073E+00
         291    0.0000000000E+00    0.1961764119E+00
         292    0.0000000000E+00   -0.1957167603E+00
         293    0.0000000000E+00    0.1088328309E+00
         294    0.0000000000E+00   -0.1334948724E+00
         295    0.0000000000E+00   -0.5437599757E-01
         296    0.0000000000E+00    0.2807108002E+00
         297    0.0000000000E+00    0.1110413448E+00
         298    0.0000000000E+00    0.2252861653E-01
         299    0.0000000000E+00    0.2231255310E+00
         300    0.0000000000E+00    0.8052107771E-01
         301    0.0000000000E+00   -0.4008025910E-01
         302    0.0000000000E+00   -0.2703292797E+00
         303    0.0000000000E+00   -0.1902077686E+00
         304    0.0000000000E+00   -0.2701190785E+00
         305    0.0000000000E+00    0.1948248719E+00
         306    0.0000000000E+00   -0.2699091184E+00
         307    0.0000000000E+00   -0.1196897858E+00
         308    0.0000000000E+00    0.8055781164E-01
         309    0.0000000000E+00    0.9204862922E-01
         310    0.0000000000E+00    0.3072072663E-01
         311    0.0000000000E+00    0.1951709802E+00
         312    0.0000000000E+00   -0.4094556888E+00
         313    0.0000000000E+00   -0.1636004612E-01
         314    0.0000000000E+00    0.1159895939E+00
         315    0.0000000000E+00   -0.7870291114E-01
         316    0.0000000000E+00   -0.3215081234E-01
         317    0.0000000000E+00    0.2335929552E-01
         318    0.0000000000E+00   -0.2680433210E+00
         319    0.0000000000E+00    0.1760576484E-01
         320    0.0000000000E+00    0.1207214141E+00
         321    0.0000000000E+00   -0.2231199435E-01
         322    0.0000000000E+00   -0.2685206885E+00
         323    0.0000000000E+00   -0.1007275152E+00
         324    0.0000000000E+00    0.1801179194E+00
         325    0.0000000000E+00    0.6862488792E-01
         326    0.0000000000E+00    0.8345799774E-01
         327    0.0000000000E+00   -0.1443652785E+00
         328    0.0000000000E+00    0.6219718634E-01
         329    0.0000000000E+00    0.7569919466E-01
         330    0.0000000000E+00    0.1209243410E+00
         331    0.0000000000E+00    0.1040929244E-01
         332    0.0000000000E+00    0.6265559916E+00
         333    0.0000000000E+00    0.3528585491E+00
         334    0.0000000000E+00    0.1986490296E+00
         335    0.0000000000E+00    0.1636901007E-01
         336    0.0000000000E+00   -0.6920967224E-01
         337    0.0000000000E+00    0.5028522565E-01
         338    0.0000000000E+00    0.1045504238E-01
         339    0.0000000000E+00   -0.2477806205E+00
         340    0.0000000000E+00    0.1880257342E+00
         341    0.0000000000E+00    0.7586966966E-01
         342    0.0000000000E+00    0.3281091351E-01
         343    0.0000000000E+00    0.2632576000E+00
         344    0.0000000000E+00   -0.9448876739E-01
         345    0.0000000000E+00    0.1796462605E+00
         346    0.0000000000E+00   -0.1722981581E+00
         347    0.0000000000E+00    0.7026054921E-01
         348    0.0000000000E+00    0.7083147044E-01
         349    0.0000000000E+00    0.7511306167E-01
         350    0.0000000000E+00    0.2371972824E-01
         351    0.0000000000E+00    0.8225782051E-01
         352    0.0000000000E+00    0.1299923371E+00
         353    0.0000000000E+00   -0.1354629322E+00
         354    0.0000000000E+00    0.1021410007E+01
         355    0.0000000000E+00   -0.5376724395E-01
         356    0.0000000000E+00    0.1888576231E+00
         357    0.0000000000E+00    0.2876438676E+00
         358    0.0000000000E+00    0.1018099628E-01
         359    0.0000000000E+00    0.1082123300E+00
         360    0.0000000000E+00   -0.1489351070E+00
         361    0.0000000000E+00    0.1153377090E+00
         362    0.0000000000E+00    0.1863812752E+00
         363    0.0000000000E+00    0.4240139950E-01
         364    0.0000000000E+00    0.1611865395E-01
         365    0.0000000000E+00   -0.1108026652E+00
         366    0.0000000000E+00    0.2075189167E-01
         367    0.0000000000E+00    0.2587377003E+00
         368    0.0000000000E+00   -0.1071581091E+01
         369    0.0000000000E+00    0.3169530851E+00
         370    0.0000000000E+00   -0.1480318641E+00
         371    0.0000000000E+00   -0.5611633564E-01
         372    0.0000000000E+00    0.8048637402E-01
         373    0.0000000000E+00    0.6482602605E-01
         374    0.0000000000E+00   -0.1331745839E+00
         375    0.0000000000E+00    0.1616778986E+00
         376    0.0000000000E+00    0.7455445699E-01
         377    0.0000000000E+00    0.1770582710E+00
         378    0.0000000000E+00    0.2037034505E+00
         379    0.0000000000E+00    0.3865655954E+00
         380    0.0000000000E+00    0.1271218734E-01
         381    0.0000000000E+00    0.7449220193E-01
         382    0.0000000000E+00    0.7053680955E-01
         383    0.0000000000E+00    0.2589844096E+00
         384    0.0000000000E+00    0.7443002480E-01
         385    0.0000000000E+00    0.2852624021E+00
         386    0.0000000000E+00   -0.6147648298E-01
         387    0.0000000000E+00   -0.2654096258E+00
         388    0.0000000000E+00    0.1019435173E+00
         389    0.0000000000E+00    0.4706143752E-01
         390    0.0000000000E+00    0.4684711463E-01
         391    0.0000000000E+00    0.2837628122E+00
         392    0.0000000000E+00   -0.2531852723E+00
         393    0.0000000000E+00   -0.2947908958E-01
         394    0.0000000000E+00    0.1832254153E+00
         395    0.0000000000E+00   -0.1333135889E+00
         396    0.0000000000E+00    0.4245787386E-01
         397    0.0000000000E+00   -0.1468359628E+00
         398    0.0000000000E+00   -0.1460669458E+00
         399    0.0000000000E+00    0.1303161006E+00
         400    0.0000000000E+00    0.8458137149E-01
         401    0.0000000000E+00    0.2392389707E+00
         402    0.0000000000E+00   -0.2020518111E+00
         403    0.0000000000E+00    0.4675370882E-01
         404    0.0000000000E+00    0.2009901248E+00
         405    0.0000000000E+00   -0.1834168233E+00
         406    0.0000000000E+00    0.2000658386E+00
         407    0.0000000000E+00    0.2596086612E+00
         408    0.0000000000E+00   -0.1336545070E+00
         409    0.0000000000E+00    0.1604726982E+00
         410    0.0000000000E+00    0.2572393029E+00
         411    0.0000000000E+00   -0.1324366948E+00
         412    0.0000000000E+00   -0.1323491942E+00
         413    0.0000000000E+00   -0.1323393485E+00
         414    0.0000000000E+00    0.2570648033E+00
         415    0.0000000000E+00   -0.1323295039E+00
         416    0.0000000000E+00    0.2570451240E+00
         417    0.0000000000E+00    0.1603384625E+00
         418    0.0000000000E+00    0.2570254469E+00
         419    0.0000000000E+00    0.2779992754E+00
         420    0.0000000000E+00   -0.1879377861E+00
         421    0.0000000000E+00   -0.1322421133E+00
         422    0.0000000000E+00    0.7575511546E-01
         423    0.0000000000E+00    0.1877517635E+00
         424    0.0000000000E+00    0.1792783310E+00
         425    0.0000000000E+00   -0.1212394347E+00
         426    0.0000000000E+00    0.2568511736E+00
         427    0.0000000000E+00    0.1456556884E+00
         428    0.0000000000E+00    0.2354843077E+00
         429    0.0000000000E+00   -0.2829129261E+00
         430    0.0000000000E+00   -0.2765337361E+00
         431    0.0000000000E+00    0.1602043955E+00
         432    0.0000000000E+00   -0.1310490199E+00
         433    0.0000000000E+00   -0.1163566940E+00
         434    0.0000000000E+00    0.7387941190E-01
         435    0.0000000000E+00   -0.3830135851E+00
         436    0.0000000000E+00    0.9934648381E-02
         437    0.0000000000E+00    0.2545302000E+00
         438    0.0000000000E+00   -0.2752581465E+00
         439    0.0000000000E+00    0.2140059747E-01
         440    0.0000000000E+00    0.3478884089E+00
         441    0.0000000000E+00    0.5393743441E-01
         442    0.0000000000E+00    0.1838870349E+00
         443    0.0000000000E+00    0.3809861205E+00
         444    0.0000000000E+00    0.2523218010E+00
         445    0.0000000000E+00    0.6744447326E-01
         446    0.0000000000E+00    0.3792218772E+00
         447    0.0000000000E+00   -0.1822064035E+00
         448    0.0000000000E+00   -0.1826431210E+00
         449    0.0000000000E+00    0.1826412437E+00
         450    0.0000000000E+00   -0.2004218506E+00
         451    0.0000000000E+00    0.3264937593E-01
         452    0.0000000000E+00    0.1817912382E+00
         453    0.0000000000E+00    0.1820854596E+00
         454    0.0000000000E+00    0.1820718308E+00
         455    0.0000000000E+00    0.1820582034E+00
         456    0.0000000000E+00    0.1823519716E+00
         457    0.0000000000E+00    0.1815039273E+00
         458    0.0000000000E+00   -0.1815020582E+00
         459    0.0000000000E+00    0.1819374125E+00
         460    0.0000000000E+00    0.1545551791E+00
         461    0.0000000000E+00   -0.1343403992E+00
         462    0.0000000000E+00    0.7399481144E-01
         463    0.0000000000E+00    0.7036465044E-01
         464    0.0000000000E+00    0.1802910102E+00
         465    0.0000000000E+00    0.2352050670E+00
         466    0.0000000000E+00   -0.1313766932E+00
         467    0.0000000000E+00    0.1667801771E+00
         468    0.0000000000E+00    0.1180115692E+00
         469    0.0000000000E+00   -0.1204308439E+00
         470    0.0000000000E+00   -0.2466086974E+00
         471    0.0000000000E+00    0.5220630243E+00
         472    0.0000000000E+00    0.8771877101E-01
         473    0.0000000000E+00   -0.1198738798E+00
         474    0.0000000000E+00    0.7086890864E-01
         475    0.0000000000E+00    0.2608646091E+00
         476    0.0000000000E+00    0.1765550316E+00
         477    0.0000000000E+00    0.2551295388E+00
         478    0.0000000000E+00   -0.1763790927E+00
         479    0.0000000000E+00    0.2338752663E+00
         480    0.0000000000E+00    0.2506512595E+00
         481    0.0000000000E+00    0.1848343954E+00
         482    0.0000000000E+00   -0.2500772386E+00
         483    0.0000000000E+00   -0.2504652554E+00
         484    0.0000000000E+00    0.2327900878E+00
         485    0.0000000000E+00   -0.2508526422E+00
         486    0.0000000000E+00   -0.2502794663E+00
         487    0.0000000000E+00    0.1807428990E+00
         488    0.0000000000E+00    0.1590164865E+00
         489    0.0000000000E+00   -0.1315077166E+00
         490    0.0000000000E+00    0.1556480163E-01
         491    0.0000000000E+00    0.3452885327E+00
         492    0.0000000000E+00    0.6725184291E-01
         493    0.0000000000E+00    0.1656642226E+00
         494    0.0000000000E+00    0.1451645644E+00
         495    0.0000000000E+00   -0.1196310687E+00
         496    0.0000000000E+00    0.1563339259E-01
         497    0.0000000000E+00    0.3449991398E+00
         498    0.0000000000E+00    0.1648957141E+00
         499    0.0000000000E+00   -0.2542787094E+00
         500    0.0000000000E+00    0.2553608448E+00
         501    0.0000000000E+00    0.3447101123E+00
         502    0.0000000000E+00    0.9889544252E-02
         503    0.0000000000E+00    0.1640202791E+00
         504    0.0000000000E+00    0.1592614507E+00
         505    0.0000000000E+00    0.1809232841E+00
         506    0.0000000000E+00    0.1385178911E+00
         507    0.0000000000E+00    0.3918073010E+00
         508    0.0000000000E+00    0.1232360678E+00
         509    0.0000000000E+00    0.2322842510E+00
         510    0.0000000000E+00   -0.2486309705E+00
         511    0.0000000000E+00    0.1129469947E-01
         512    0.0000000000E+00    0.8901148694E-01
         513    0.0000000000E+00    0.6800044086E-02
         514    0.0000000000E+00    0.1645604828E+00
         515    0.0000000000E+00   -0.2278615241E+00
         516    0.0000000000E+00   -0.1293338415E+00
         517    0.0000000000E+00    0.1707528561E-01
         518    0.0000000000E+00   -0.2268012640E+00
         519    0.0000000000E+00    0.1447480182E+00
         520    0.0000000000E+00    0.3437556107E+00
         521    0.0000000000E+00   -0.2255932572E+00
         522    0.0000000000E+00    0.6821254711E-01
         523    0.0000000000E+00    0.3421476512E+00
         524    0.0000000000E+00   -0.4738181382E+00
         525    0.0000000000E+00    0.1779258121E+00
         526    0.0000000000E+00    0.7800026084E+00
         527    0.0000000000E+00    0.1284465282E+00
         528    0.0000000000E+00    0.2510735774E+00
         529    0.0000000000E+00    0.7027928424E-01
         530    0.0000000000E+00   -0.3470760546E-01
         531    0.0000000000E+00    0.1697990273E-01
         532    0.0000000000E+00    0.2532174595E-01
         533    0.0000000000E+00   -0.3869218347E-01
         534    0.0000000000E+00   -0.1247452876E+00
         535    0.0000000000E+00    0.1713210740E-01
         536    0.0000000000E+00    0.1468345747E+00
         537    0.0000000000E+00    0.1713825738E-01
         538    0.0000000000E+00    0.1714440089E-01
         539    0.0000000000E+00    0.1851915049E+00
         540    0.0000000000E+00    0.2520168376E-01
         541    0.0000000000E+00    0.2809681575E-01
         542    0.0000000000E+00   -0.1220950151E+00
         543    0.0000000000E+00    0.6895832691E-02
         544    0.0000000000E+00    0.7320081612E-01
         545    0.0000000000E+00    0.8779076654E-01
         546    0.0000000000E+00   -0.1729949681E-01
         547    0.0000000000E+00    0.3277756767E+00
         548    0.0000000000E+00   -0.1679414470E-01
         549    0.0000000000E+00    0.1679547148E+00
         550    0.0000000000E+00   -0.3575726008E-01
         551    0.0000000000E+00   -0.1207598725E+00
         552    0.0000000000E+00   -0.1036174972E+00
         553    0.0000000000E+00    0.3159712204E+00
         554    0.0000000000E+00    0.1720059856E-01
         555    0.0000000000E+00    0.2369241510E+00
         556    0.0000000000E+00    0.6977205740E-01
         557    0.0000000000E+00   -0.1284404360E-01
         558    0.0000000000E+00    0.1506128862E-01
         559    0.0000000000E+00    0.8461451803E+00
         560    0.0000000000E+00    0.7283350132E+00
         561    0.0000000000E+00   -0.4928198972E-01
         562    0.0000000000E+00   -0.7695574602E-01
         563    0.0000000000E+00    0.3654423838E-01
         564    0.0000000000E+00    0.2013643593E+00
         565    0.0000000000E+00   -0.9309917277E-01
         566    0.0000000000E+00    0.3257971970E-01
         567    0.0000000000E+00    0.1838884114E+00
         568    0.0000000000E+00    0.1851855258E+00
         569    0.0000000000E+00   -0.7069737927E-01
         570    0.0000000000E+00    0.1055121209E-01
         571    0.0000000000E+00    0.6851732318E-02
         572    0.0000000000E+00    0.1811248150E+00
         573    0.0000000000E+00   -0.1337304990E+00
         574    0.0000000000E+00   -0.5937262973E+00
         575    0.0000000000E+00    0.2227402840E+00
         576    0.0000000000E+00    0.5134548778E-01
         577    0.0000000000E+00    0.7873927993E-01
         578    0.0000000000E+00    0.1871211841E+00
         579    0.0000000000E+00   -0.2529607245E+00
         580    0.0000000000E+00   -0.1706688239E+00
         581    0.0000000000E+00    0.1148648950E-01
         582    0.0000000000E+00   -0.1232027275E+00
         583    0.0000000000E+00    0.1640798284E+00
         584    0.0000000000E+00    0.1747790421E+00
         585    0.0000000000E+00   -0.2574158833E+00
         586    0.0000000000E+00   -0.1639101882E-01
         587    0.0000000000E+00   -0.1083041312E+00
         588    0.0000000000E+00    0.2930332290E+00
         589    0.0000000000E+00    0.2347517078E+00
         590    0.0000000000E+00   -0.1866689362E+00
         591    0.0000000000E+00   -0.1695972370E+00
         592    0.0000000000E+00    0.1700101987E+00
         593    0.0000000000E+00    0.1694779306E+00
         594    0.0000000000E+00   -0.1689453310E+00
         595    0.0000000000E+00    0.1693587596E+00
         596    0.0000000000E+00    0.1255737445E+00
         597    0.0000000000E+00    0.1551680361E+00
         598    0.0000000000E+00    0.3157027676E-01
         599    0.0000000000E+00    0.4969990632E+00
         600    0.0000000000E+00    0.1475878763E-01
         601    0.0000000000E+00    0.2567913569E+00
         602    0.0000000000E+00   -0.1641650298E+00
         603    0.0000000000E+00    0.2332732028E+00
         604    0.0000000000E+00   -0.2331083504E+00
         605    0.0000000000E+00   -0.2329436862E+00
         606    0.0000000000E+00    0.1683010134E+00
         607    0.0000000000E+00    0.1257661123E+00
         608    0.0000000000E+00   -0.2133997689E+00
         609    0.0000000000E+00    0.1534627624E+00
         610    0.0000000000E+00    0.2389317214E+00
         611    0.0000000000E+00   -0.7631519551E-01
         612    0.0000000000E+00    0.1198421591E-01
         613    0.0000000000E+00    0.7591009173E-01
         614    0.0000000000E+00   -0.6927358136E-01
         615    0.0000000000E+00    0.7555763801E-01
         616    0.0000000000E+00   -0.2314843529E+00
         617    0.0000000000E+00   -0.1280070200E+00
         618    0.0000000000E+00   -0.1518237779E+00
         619    0.0000000000E+00    0.1683229377E+00
         620    0.0000000000E+00    0.6484006293E+00
         621    0.0000000000E+00    0.2089177687E+00
         622    0.0000000000E+00    0.2617686841E+00
         623    0.0000000000E+00   -0.2110474164E+00
         624    0.0000000000E+00    0.1833191589E+00
         625    0.0000000000E+00   -0.2874502828E+00
         626    0.0000000000E+00   -0.6584239621E+00
         627    0.0000000000E+00    0.1312935900E+00
         628    0.0000000000E+00   -0.2315137762E+00
         629    0.0000000000E+00    0.7257653838E+00
         630    0.0000000000E+00   -0.1160690923E+00
         631    0.0000000000E+00    0.1248061638E-01
         632    0.0000000000E+00    0.1827366700E-01
         633    0.0000000000E+00    0.3021003934E+00
         634    0.0000000000E+00    0.1368065103E+00
         635    0.0000000000E+00   -0.1111470798E+00
         636    0.0000000000E+00    0.6870307648E+00
         637    0.0000000000E+00    0.2942438381E+00
         638    0.0000000000E+00    0.6568743760E+00
         639    0.0000000000E+00    0.2684650369E-01
         640    0.0000000000E+00   -0.4640605533E-01
         641    0.0000000000E+00    0.1007225277E-01
         642    0.0000000000E+00   -0.6552566064E+00
         643    0.0000000000E+00    0.1596893725E-01
         644    0.0000000000E+00    0.2081364072E+00
         645    0.0000000000E+00    0.1173035381E+00
         646    0.0000000000E+00    0.6818464365E-01
         647    0.0000000000E+00    0.7342444430E+00
         648    0.0000000000E+00    0.7381886152E-02
         649    0.0000000000E+00    0.8189558159E+00
         650    0.0000000000E+00   -0.1242212915E+00
         651    0.0000000000E+00    0.1554653204E+00
         652    0.0000000000E+00   -0.2139477173E+00
         653    0.0000000000E+00    0.2143525750E+00
         654    0.0000000000E+00    0.3087363168E+00
         655    0.0000000000E+00    0.1708762536E+00
         656    0.0000000000E+00    0.6704142563E+00
         657    0.0000000000E+00    0.6646049783E+00
         658    0.0000000000E+00   -0.2350279928E+00
         659    0.0000000000E+00    0.6587900843E+00
         660    0.0000000000E+00    0.1583228842E+00
         661    0.0000000000E+00   -0.1565548215E+00
         662    0.0000000000E+00    0.1792285226E-01
         663    0.0000000000E+00    0.1466994823E+01
         664    0.0000000000E+00    0.2153336661E+00
         665    0.0000000000E+00   -0.2177384175E+00
         666    0.0000000000E+00    0.6718861715E+00
         667    0.0000000000E+00    0.2406868945E+00
         668    0.0000000000E+00    0.9107777405E+00
         669    0.0000000000E+00    0.6014340879E+00
         670    0.0000000000E+00    0.1793480196E-01
         671    0.0000000000E+00    0.2145650044E+00
         672    0.0000000000E+00    0.1403612007E+01
         673    0.0000000000E+00    0.1274883870E-01
         674    0.0000000000E+00    0.6892651870E+00
         675    0.0000000000E+00    0.6811678232E+00
         676    0.0000000000E+00   -0.6732501228E+00
         677    0.0000000000E+00    0.5463523174E+00
         678    0.0000000000E+00    0.1098765455E+01
         679    0.0000000000E+00   -0.7515671370E+00
         680    0.0000000000E+00    0.1340048117E+01
         681    0.0000000000E+00    0.1774284751E-01
         682    0.0000000000E+00    0.6816682323E+00
         683    0.0000000000E+00    0.1021936941E+00
         684    0.0000000000E+00    0.1335196099E+01
         685    0.0000000000E+00    0.6323893227E+00
         686    0.0000000000E+00   -0.1405757204E+00
         687    0.0000000000E+00    0.4627260544E+00
         688    0.0000000000E+00    0.7924439702E+00
         689    0.0000000000E+00    0.1697408365E-01
         690    0.0000000000E+00   -0.3216539740E+00
         691    0.0000000000E+00    0.2016947174E-01
         692    0.0000000000E+00    0.1468460929E+00
         693    0.0000000000E+00    0.1918286147E+01
         694    0.0000000000E+00   -0.2019564818E+00
         695    0.0000000000E+00    0.5425984902E+00
         696    0.0000000000E+00    0.2530282059E+01
         697    0.0000000000E+00    0.8059821414E+00
         698    0.0000000000E+00    0.1736019622E+01
         699    0.0000000000E+00    0.3586893525E+00
         700    0.0000000000E+00    0.1508310219E+00
         701    0.0000000000E+00   -0.1347043892E+00
         702    0.0000000000E+00    0.1570732758E+01
         703    0.0000000000E+00    0.6224846543E+00
         704    0.0000000000E+00    0.2077848746E-01
         705    0.0000000000E+00    0.3245667244E+00
         706    0.0000000000E+00    0.8010016183E+00
         707    0.0000000000E+00    0.1349723265E+01
         708    0.0000000000E+00    0.2416636265E+01
         709    0.0000000000E+00    0.1290876924E+01
         710    0.0000000000E+00    0.7869092819E+00
         711    0.0000000000E+00    0.3435825266E+00
         712    0.0000000000E+00    0.1093388880E-01
         713    0.0000000000E+00    0.1444695028E+00
         714    0.0000000000E+00    0.5803453291E+00
         715    0.0000000000E+00    0.1759162273E+01
         716    0.0000000000E+00    0.8351174138E+00
         717    0.0000000000E+00    0.1231862294E+01
         718    0.0000000000E+00    0.9218982615E+00
         719    0.0000000000E+00    0.1249155551E+01
         720    0.0000000000E+00    0.6259988268E+00
         721    0.0000000000E+00    0.2312141432E+01
         722    0.0000000000E+00    0.2910798172E+00
         723    0.0000000000E+00   -0.3374794029E+00
         724    0.0000000000E+00    0.9266911441E+00
         725    0.0000000000E+00    0.3896909203E+00
         726    0.0000000000E+00    0.1687281804E+01
         727    0.0000000000E+00    0.1385796455E+00
         728    0.0000000000E+00    0.4639955812E+00
         729    0.0000000000E+00   -0.2951088684E+00
         730    0.0000000000E+00    0.1031652966E+01
         731    0.0000000000E+00    0.8388025401E+00
         732    0.0000000000E+00    0.8165695502E+00
         733    0.0000000000E+00    0.4339534344E+00
         734    0.0000000000E+00    0.8032159627E+00
         735    0.0000000000E+00    0.7776778775E-02
         736    0.0000000000E+00    0.9338209704E+00
         737    0.0000000000E+00    0.7590845762E+00
         738    0.0000000000E+00    0.4976888947E+00
         739    0.0000000000E+00    0.3289341876E+00
         740    0.0000000000E+00    0.7083157412E+00
         741    0.0000000000E+00    0.1247684221E+01
         742    0.0000000000E+00    0.7860374635E+00
         743    0.0000000000E+00    0.8450827634E+00
         744    0.0000000000E+00    0.6411259726E+00
         745    0.0000000000E+00    0.1626929116E+01
         746    0.0000000000E+00    0.1242878207E+01
         747    0.0000000000E+00    0.1192860768E+01
         748    0.0000000000E+00   -0.5764610516E+00
         749    0.0000000000E+00   -0.1316220147E+01
         750    0.0000000000E+00   -0.7256331676E+00
         751    0.0000000000E+00    0.4012453068E+00
         752    0.0000000000E+00    0.3445031964E+00
         753    0.0000000000E+00    0.1339772752E+01
         754    0.0000000000E+00    0.1394778217E+01
         755    0.0000000000E+00   -0.1477504750E+01
         756    0.0000000000E+00    0.1600516919E+01
         757    0.0000000000E+00    0.1365642240E+01
         758    0.0000000000E+00    0.1404422376E+01
         759    0.0000000000E+00    0.1480782975E+01
         760    0.0000000000E+00   -0.3872211455E+00
         761    0.0000000000E+00    0.1349387684E+01
         762    0.0000000000E+00    0.1343356578E+01
         763    0.0000000000E+00   -0.3840299630E+00
         764    0.0000000000E+00    0.3848955660E+00
         765    0.0000000000E+00    0.3836730833E+00
         766    0.0000000000E+00   -0.3824498966E+00
         767    0.0000000000E+00    0.3833167989E+00
         768    0.0000000000E+00    0.1335021920E+01
         769    0.0000000000E+00   -0.3715353296E+00
         770    0.0000000000E+00   -0.5274564289E+00
         771    0.0000000000E+00    0.1320750250E+01
         772    0.0000000000E+00    0.3801852245E+00
         773    0.0000000000E+00   -0.7737918131E+00
         774    0.0000000000E+00    0.3472014737E+00
         775    0.0000000000E+00    0.1312969093E+01
         776    0.0000000000E+00    0.1807649210E+01
         777    0.0000000000E+00    0.1309953189E+01
         778    0.0000000000E+00    0.1309609800E+01
         779    0.0000000000E+00    0.1309266573E+01
         780    0.0000000000E+00    0.1244631143E-02
         781    0.0000000000E+00    0.1306266527E+01
         782    0.0000000000E+00   -0.4772472806E+00
         783    0.0000000000E+00    0.1299702758E+01
         784    0.0000000000E+00    0.1371527364E-02
         785    0.0000000000E+00    0.1640706436E+01
         786    0.0000000000E+00    0.3707752607E+01
         787    0.0000000000E+00   -0.2623859439E+00
         788    0.0000000000E+00    0.1298085341E+01
         789    0.0000000000E+00    0.1677468579E+01
         790    0.0000000000E+00   -0.6397750445E+00
         791    0.0000000000E+00    0.1282052116E+01
         792    0.0000000000E+00    0.1352802868E+01
         793    0.0000000000E+00    0.6828050036E+00
         794    0.0000000000E+00    0.1273111437E+01
         795    0.0000000000E+00    0.1273003076E+01
         796    0.0000000000E+00   -0.1289437239E+01
         797    0.0000000000E+00    0.1281722010E+01
         798    0.0000000000E+00    0.1484089845E+01
         799    0.0000000000E+00    0.5521412375E+01
         800    0.0000000000E+00    0.1306295143E+01
         801    0.0000000000E+00    0.1278341491E+01
         802    0.0000000000E+00    0.1253748179E+01
         803    0.0000000000E+00    0.1666202790E+01
         804    0.0000000000E+00   -0.1354776257E+01
         805    0.0000000000E+00    0.1679054320E+01
         806    0.0000000000E+00    0.1245636459E+01
         807    0.0000000000E+00    0.1245311979E+01
         808    0.0000000000E+00    0.1245754825E+01
         809    0.0000000000E+00    0.1245593413E+01
         810    0.0000000000E+00    0.1242868583E+01
         811    0.0000000000E+00    0.1242558131E+01
         812    0.0000000000E+00    0.1242247818E+01
         813    0.0000000000E+00   -0.1349500419E+01
         814    0.0000000000E+00   -0.1343412553E+01
         815    0.0000000000E+00    0.4823882789E-02
         816    0.0000000000E+00    0.1486095235E+01
         817    0.0000000000E+00    0.1239686023E+01
         818    0.0000000000E+00    0.1239536688E+01
         819    0.0000000000E+00    0.1342130778E+01
         820    0.0000000000E+00    0.1340851203E+01
         821    0.0000000000E+00    0.1335731203E+01
         822    0.0000000000E+00    0.1240070067E+01
         823    0.0000000000E+00    0.1239813094E+01
         824    0.0000000000E+00    0.3681384127E+00
         825    0.0000000000E+00    0.1968941746E+01
         826    0.0000000000E+00    0.1236672211E+01
         827    0.0000000000E+00   -0.8832526087E+00
         828    0.0000000000E+00    0.1280448043E+01
         829    0.0000000000E+00    0.1276223000E+01
         830    0.0000000000E+00    0.1329704053E+01
         831    0.0000000000E+00    0.1682272548E+01
         832    0.0000000000E+00    0.1567715840E+01
         833    0.0000000000E+00    0.3515404213E+00
         834    0.0000000000E+00    0.1320654920E+01
         835    0.0000000000E+00    0.1365647119E+01
         836    0.0000000000E+00    0.5637079470E+00
         837    0.0000000000E+00    0.1245656390E+01
         838    0.0000000000E+00    0.1225977471E+01
         839    0.0000000000E+00    0.2585849989E+01
         840    0.0000000000E+00    0.1653313861E+01
         841    0.0000000000E+00    0.1281274307E+01
         842    0.0000000000E+00    0.1238481851E+01
         843    0.0000000000E+00    0.1788053101E+01
         844    0.0000000000E+00    0.1222870193E+01
         845    0.0000000000E+00    0.1225011215E+01
         846    0.0000000000E+00    0.1298753772E+01
         847    0.0000000000E+00    0.1229359919E+01
         848    0.0000000000E+00    0.1218828072E+01
         849    0.0000000000E+00    0.1225387126E+01
         850    0.0000000000E+00    0.1229949616E+01
         851    0.0000000000E+00   -0.6112754351E+00
         852    0.0000000000E+00    0.1253432755E+01
         853    0.0000000000E+00    0.1634631768E+01
         854    0.0000000000E+00    0.1246698744E+01
         855    0.0000000000E+00    0.1690757793E+01
         856    0.0000000000E+00    0.1250665844E+01
         857    0.0000000000E+00    0.1250350629E+01
         858    0.0000000000E+00    0.1250035558E+01
         859    0.0000000000E+00    0.1629933877E+01
         860    0.0000000000E+00    0.1629399409E+01
         861    0.0000000000E+00    0.1222382431E+01
         862    0.0000000000E+00    0.1254418326E+01
         863    0.0000000000E+00    0.1628865256E+01
         864    0.0000000000E+00    0.1247282723E+01
         865    0.0000000000E+00    0.1577601422E+01
         866    0.0000000000E+00    0.1624198418E+01
         867    0.0000000000E+00    0.1216073646E+01
         868    0.0000000000E+00    0.1405335091E+01
         869    0.0000000000E+00    0.1218021933E+01
         870    0.0000000000E+00    0.1220836838E+01
         871    0.0000000000E+00    0.1604921004E+01
         872    0.0000000000E+00    0.1248760297E+01
         873    0.0000000000E+00    0.1579643404E+01
         874    0.0000000000E+00    0.1287146987E+01
         875    0.0000000000E+00    0.1257187090E+01
         876    0.0000000000E+00    0.1224263327E+01
         877    0.0000000000E+00    0.1695645303E+01
         878    0.0000000000E+00    0.1301076102E+01
         879    0.0000000000E+00    0.1219100119E+01
         880    0.0000000000E+00    0.1185924308E+01
         881    0.0000000000E+00   -0.4851932020E+00
         882    0.0000000000E+00    0.1228640244E+01
         883    0.0000000000E+00    0.1350954230E+01
         884    0.0000000000E+00   -0.1513802875E+01
         885    0.0000000000E+00    0.1133405314E+01
         886    0.0000000000E+00    0.1320891455E+01
         887    0.0000000000E+00    0.1582300164E+01
         888    0.0000000000E+00    0.1223288182E+01
         889    0.0000000000E+00    0.1347986131E+01
         890    0.0000000000E+00   -0.1312343701E+01
         891    0.0000000000E+00   -0.5850112305E+00
         892    0.0000000000E+00    0.1162000108E+01
         893    0.0000000000E+00    0.1175881467E+01
         894    0.0000000000E+00    0.1336857143E+01
         895    0.0000000000E+00    0.1303902026E+01
         896    0.0000000000E+00   -0.1369050146E+01
         897    0.0000000000E+00   -0.1642543045E+01
         898    0.0000000000E+00    0.1125531933E+01
         899    0.0000000000E+00   -0.2008495628E+01
         900    0.0000000000E+00    0.1325902737E+01
         901    0.0000000000E+00    0.1583427556E+01
         902    0.0000000000E+00   -0.2946362537E+01
         903    0.0000000000E+00   -0.1829757927E+01
         904    0.0000000000E+00    0.2480857114E+01
         905    0.0000000000E+00    0.1482455539E+01
         906    0.0000000000E+00    0.1262971318E+01
         907    0.0000000000E+00    0.1266858079E+01
         908    0.0000000000E+00    0.1270765504E+01
         909    0.0000000000E+00   -0.1237872777E+01
         910    0.0000000000E+00    0.1035904052E+01
         911    0.0000000000E+00    0.1117736798E+01
         912    0.0000000000E+00    0.1227457143E+01
         913    0.0000000000E+00    0.1405630984E+01
         914    0.0000000000E+00    0.3380140936E+01
         915    0.0000000000E+00    0.1019984757E+01
         916    0.0000000000E+00    0.4908145214E+00
         917    0.0000000000E+00    0.1389054529E+01
         918    0.0000000000E+00    0.1236938606E+01
         919    0.0000000000E+00    0.1233570913E+01
         920    0.0000000000E+00    0.1523310346E+01
         921    0.0000000000E+00    0.1002907254E+01
         922    0.0000000000E+00    0.4993165056E+01
         923    0.0000000000E+00   -0.1865028109E+01
         924    0.0000000000E+00    0.1372849489E+01
         925    0.0000000000E+00    0.1128957109E+01
         926    0.0000000000E+00   -0.1228977132E+01
         927    0.0000000000E+00    0.1258572051E+01
         928    0.0000000000E+00    0.1129980941E+01
         929    0.0000000000E+00    0.1235046639E+01
         930    0.0000000000E+00    0.1370500358E+01
         931    0.0000000000E+00    0.1038734185E+01
         932    0.0000000000E+00    0.1075475506E+01
         933    0.0000000000E+00    0.1381913278E+01
         934    0.0000000000E+00    0.2370745190E+01
         935    0.0000000000E+00    0.1239575610E+01
         936    0.0000000000E+00    0.1387813303E+01
         937    0.0000000000E+00    0.8181098081E+00
         938    0.0000000000E+00    0.2936940370E+01
         939    0.0000000000E+00    0.1010921337E+01
         940    0.0000000000E+00    0.1286908840E+01
         941    0.0000000000E+00    0.3601017164E+01
         942    0.0000000000E+00    0.1012061357E+01
         943    0.0000000000E+00    0.8292322895E+00
         944    0.0000000000E+00    0.4589196812E+01
         945    0.0000000000E+00    0.3099571409E+01
         946    0.0000000000E+00    0.1255325629E+01
         947    0.0000000000E+00    0.7622654575E+00
         948    0.0000000000E+00    0.7288339073E+00
         949    0.0000000000E+00    0.9440277109E+00
         950    0.0000000000E+00    0.1225222713E+01
         951    0.0000000000E+00    0.9941656165E+00
         952    0.0000000000E+00    0.7951508416E+00
         953    0.0000000000E+00    0.6990661608E+00
         954    0.0000000000E+00    0.9102736759E+00
         955    0.0000000000E+00    0.6687950375E+00
         956    0.0000000000E+00   -0.1010226787E+01
         957    0.0000000000E+00   -0.8000638493E+00
         958    0.0000000000E+00    0.3704709433E+01
         959    0.0000000000E+00   -0.6797435738E+01
         960    0.0000000000E+00    0.1749156484E+01
         961    0.0000000000E+00    0.6958111769E+01
         962    0.0000000000E+00   -0.2536434390E+02
         963    0.0000000000E+00    0.1293749539E+02
         964    0.0000000000E+00    0.1388820251E+02
         965    0.0000000000E+00    0.1487038028E+02
         966    0.0000000000E+00    0.2042802292E+02
         967    0.0000000000E+00    0.1067109524E+02
         968    0.0000000000E+00    0.1829384098E+02
         969    0.0000000000E+00    0.2430519357E+02
         970    0.0000000000E+00    0.1839233148E+02
         971    0.0000000000E+00    0.1162955664E+02
         972    0.0000000000E+00   -0.2041155604E+02
         973    0.0000000000E+00    0.2029416901E+02
         974    0.0000000000E+00    0.9539307154E+01
         975    0.0000000000E+00   -0.2016771733E+02
         976    0.0000000000E+00   -0.1819070172E+02
         977    0.0000000000E+00   -0.1640429870E+02
         978    0.0000000000E+00    0.1838047616E+02
         979    0.0000000000E+00    0.2019849858E+02
         980    0.0000000000E+00   -0.2039184936E+02
         981    0.0000000000E+00    0.2032245271E+02
         982    0.0000000000E+00    0.1924215169E+02
         983    0.0000000000E+00    0.1983293005E+02
         984    0.0000000000E+00    0.2001413490E+02
         985    0.0000000000E+00    0.1983353549E+02
         986    0.0000000000E+00    0.1843789301E+02
         987    0.0000000000E+00    0.1919909041E+02
         988    0.0000000000E+00   -0.2772676007E+02
         989    0.0000000000E+00    0.1832450712E+02
         990    0.0000000000E+00    0.1825420584E+02
         991    0.0000000000E+00    0.1823276350E+02
         992    0.0000000000E+00   -0.1821131377E+02
         993    0.0000000000E+00   -0.1812780478E+02
         994    0.0000000000E+00    0.1466221032E+02
         995    0.0000000000E+00   -0.1802721672E+02
         996    0.0000000000E+00    0.1644118821E+02
         997    0.0000000000E+00    0.3567455594E+02
         998    0.0000000000E+00   -0.9277014853E+02
         999    0.0000000000E+00    0.1482278746E+02
        1000    0.0000000000E+00    0.2942350418E+02
