        Rank        RMSE       MaxAE  Feature_ID
           1    0.251624    0.655874  (      13)
           2    0.251782    0.746856  (      11)
           3    0.262698    0.807561  (       4)
           4    0.267091    0.731557  (      31)
           5    0.267385    0.666787  (      41)
           6    0.271164    0.764637  (      38)
           7    0.275373    0.766249  (      49)
           8    0.285195    0.658229  (      58)
           9    0.292903    0.723928  (      65)
          10    0.294555    0.705462  (      88)
          11    0.295481    0.781868  (       7)
          12    0.295936    0.797181  (       3)
          13    0.296277    0.798603  (       2)
          14    0.296766    0.800315  (       1)
          15    0.296822    0.804881  (     100)
          16    0.298448    0.752730  (      80)
          17    0.300394    0.808537  (      27)
          18    0.301525    0.767337  (      29)
          19    0.302532    0.766080  (      33)
          20    0.302930    0.845865  (      50)
          21    0.303861    0.764591  (      34)
          22    0.304472    0.846099  (      44)
          23    0.304483    0.806957  (     130)
          24    0.304776    0.738686  (      57)
          25    0.306641    0.810476  (     143)
          26    0.308582    0.695413  (     148)
          27    0.309260    0.755493  (       5)
          28    0.319114    0.869989  (     124)
          29    0.319727    0.790842  (     155)
          30    0.322675    1.004122  (      56)
          31    0.324970    0.875880  (     167)
          32    0.325486    0.754128  (      91)
          33    0.325791    0.766825  (      18)
          34    0.326725    0.862956  (      92)
          35    0.328414    0.740141  (      14)
          36    0.329289    0.914417  (     172)
          37    0.329836    0.860610  (     122)
          38    0.331659    0.784999  (     129)
          39    0.333288    1.045261  (      87)
          40    0.333729    0.961197  (     237)
          41    0.335778    0.907275  (     187)
          42    0.335803    0.815792  (     219)
          43    0.335997    0.858241  (      48)
          44    0.336008    0.864879  (     175)
          45    0.337081    0.828265  (     207)
          46    0.339607    0.886218  (     194)
          47    0.341021    0.870475  (     222)
          48    0.342229    0.903315  (     255)
          49    0.343453    1.002275  (     279)
          50    0.345276    0.881291  (     290)
          51    0.345354    0.776007  (     146)
          52    0.347124    0.643587  (     264)
          53    0.348482    0.917592  (     258)
          54    0.349093    0.853402  (     313)
          55    0.350186    0.896747  (     311)
          56    0.350906    0.817219  (     191)
          57    0.352429    1.088395  (     165)
          58    0.352517    0.721396  (     325)
          59    0.352796    0.829783  (     250)
          60    0.352883    0.752238  (      23)
          61    0.352930    0.865478  (      47)
          62    0.354138    0.826923  (     303)
          63    0.355877    0.934058  (      25)
          64    0.358970    0.848372  (     251)
          65    0.360359    0.937796  (     149)
          66    0.361354    1.085897  (     386)
          67    0.361629    0.926335  (     350)
          68    0.361928    0.992939  (     328)
          69    0.362104    0.848124  (      15)
          70    0.362161    0.989617  (     327)
          71    0.362405    0.986905  (     326)
          72    0.362697    0.903959  (     286)
          73    0.364179    0.862751  (     121)
          74    0.364248    0.863910  (      78)
          75    0.364717    0.868773  (     409)
          76    0.366719    0.984720  (     322)
          77    0.367239    0.892684  (     387)
          78    0.367374    0.806421  (       8)
          79    0.367504    0.959995  (     340)
          80    0.367975    0.892613  (     399)
          81    0.368681    0.900217  (     306)
          82    0.369850    0.853236  (     463)
          83    0.370133    0.847294  (     166)
          84    0.370274    0.855080  (     375)
          85    0.370314    0.947819  (     145)
          86    0.371160    0.942370  (     401)
          87    0.371352    0.855747  (     472)
          88    0.371753    0.942868  (     298)
          89    0.372700    0.855016  (     474)
          90    0.372911    0.823435  (     364)
          91    0.373509    0.919867  (     318)
          92    0.373677    0.883463  (      68)
          93    0.374274    0.941808  (     376)
          94    0.375027    0.828178  (     465)
          95    0.376199    0.868247  (     346)
          96    0.376231    0.801553  (     179)
          97    0.377558    0.932220  (     394)
          98    0.378836    0.929327  (     403)
          99    0.378863    0.867575  (     316)
         100    0.378942    0.925432  (     225)
         101    0.379006    0.869877  (     532)
         102    0.379853    0.871686  (     536)
         103    0.380464    0.925761  (     411)
         104    0.380609    1.108404  (     213)
         105    0.380718    0.873497  (     547)
         106    0.380934    1.002368  (     548)
         107    0.381474    0.988614  (     527)
         108    0.382341    0.832799  (     234)
         109    0.382356    1.106770  (     140)
         110    0.382739    0.807842  (       9)
         111    0.382765    1.050146  (     582)
         112    0.383520    0.958829  (     482)
         113    0.383859    0.810109  (     535)
         114    0.387299    0.796368  (     193)
         115    0.387348    0.942750  (     574)
         116    0.388513    1.101829  (     530)
         117    0.388614    0.888526  (     650)
         118    0.389306    1.078863  (     651)
         119    0.390108    0.923747  (     392)
         120    0.390653    1.098280  (      67)
         121    0.392354    0.886640  (     681)
         122    0.392744    0.925449  (     123)
         123    0.393177    1.089849  (     275)
         124    0.393397    0.957503  (     335)
         125    0.393611    0.979013  (     484)
         126    0.393880    1.065294  (     704)
         127    0.394894    1.094218  (     710)
         128    0.395181    0.879528  (     645)
         129    0.395622    1.077327  (     292)
         130    0.396381    0.901875  (     142)
         131    0.396700    0.965708  (     540)
         132    0.398057    1.111463  (      55)
         133    0.398625    1.105802  (     749)
         134    0.399028    0.811030  (     308)
         135    0.399478    0.813375  (     216)
         136    0.399760    1.133062  (     119)
         137    0.399963    0.967630  (     238)
         138    0.399977    0.831529  (     239)
         139    0.400425    0.902508  (     787)
         140    0.401731    1.122022  (     795)
         141    0.402834    0.856465  (     231)
         142    0.402943    1.110172  (     176)
         143    0.403053    1.093152  (     824)
         144    0.403121    0.949269  (     788)
         145    0.403317    1.032440  (     781)
         146    0.403903    0.881615  (     837)
         147    0.404076    0.792216  (     240)
         148    0.404852    1.129942  (     115)
         149    0.406144    1.232453  (     735)
         150    0.406782    1.141077  (     150)
         151    0.406874    1.197721  (     332)
         152    0.408107    0.942602  (     154)
         153    0.409800    0.934377  (     894)
         154    0.410320    1.054776  (     887)
         155    0.410348    0.947220  (     505)
         156    0.411408    1.243022  (     808)
         157    0.412379    0.902206  (     395)
         158    0.412687    1.111112  (     875)
         159    0.412707    1.245837  (     946)
         160    0.415368    1.037689  (     723)
         161    0.415901    0.947377  (     631)
         162    0.416025    1.152154  (     233)
         163    0.416149    1.091953  (     566)
         164    0.417075    1.031480  (     627)
         165    0.417100    0.909714  (     969)
         166    0.417159    1.149077  (     186)
         167    0.417566    0.960835  (     127)
         168    0.417845    1.234554  (     864)
         169    0.418365    1.055894  (      39)
         170    0.418674    0.939256  (     987)
         171    0.420398    0.996625  (     882)
         172    0.421641    0.985523  (    1000)
         173    0.423017    1.185499  (     950)
         174    0.423433    0.968279  (     131)
         175    0.424427    1.009799  (     959)
         176    0.424759    1.011729  (     904)
         177    0.426319    1.009381  (     922)
         178    0.428101    0.991462  (     784)
         179    0.428414    0.953655  (     628)
         180    0.429467    0.889483  (     236)
         181    0.429559    1.000978  (     776)
         182    0.429616    1.013762  (     742)
         183    0.430160    1.185975  (     270)
         184    0.430481    1.191490  (     868)
         185    0.430694    0.935254  (     602)
         186    0.431125    1.047080  (      45)
         187    0.431689    1.016752  (     734)
         188    0.431950    0.988116  (     863)
         189    0.431967    1.017189  (     733)
         190    0.432199    1.024717  (     966)
         191    0.432250    1.017626  (     732)
         192    0.432599    0.994148  (     856)
         193    0.432733    1.015884  (     766)
         194    0.433385    0.976506  (     908)
         195    0.433785    0.964786  (     828)
         196    0.434616    1.020702  (     726)
         197    0.434930    0.945409  (     509)
         198    0.435444    1.024801  (     765)
         199    0.435626    0.913223  (     321)
         200    0.435791    0.974560  (     133)
         201    0.435830    0.881577  (      86)
         202    0.435854    0.871967  (      84)
         203    0.435939    0.860166  (      79)
         204    0.436022    1.029190  (     790)
         205    0.436261    1.196194  (     371)
         206    0.436403    0.975451  (     136)
         207    0.437832    0.971858  (     989)
         208    0.437835    0.975859  (     134)
         209    0.438327    1.031536  (     777)
         210    0.438427    1.208530  (     205)
         211    0.438547    1.032255  (     780)
         212    0.438906    1.032705  (     779)
         213    0.439269    1.033156  (     778)
         214    0.439275    0.976266  (     132)
         215    0.439517    1.033875  (     782)
         216    0.439886    1.034311  (     768)
         217    0.439894    0.977154  (     135)
         218    0.441321    0.933514  (     277)
         219    0.442085    1.036309  (     770)
         220    0.442259    1.047657  (     630)
         221    0.443057    1.140558  (     895)
         222    0.443353    1.040393  (     810)
         223    0.444034    1.069712  (     184)
         224    0.444409    1.252402  (     982)
         225    0.444462    1.191661  (     109)
         226    0.444881    1.079239  (     192)
         227    0.445971    1.090928  (     203)
         228    0.447422    0.893534  (     204)
         229    0.448401    1.048645  (     849)
         230    0.448595    1.219050  (     939)
         231    0.450376    1.050429  (     853)
         232    0.450479    0.828580  (      10)
         233    0.451359    1.026936  (     618)
         234    0.452792    1.147903  (      70)
         235    0.453051    0.983231  (     137)
         236    0.453168    0.942429  (     632)
         237    0.454015    1.055375  (     877)
         238    0.454157    1.107430  (     764)
         239    0.454856    1.088992  (     261)
         240    0.455630    0.875286  (     171)
         241    0.456722    1.213455  (     320)
         242    0.458341    1.079333  (     958)
         243    0.459231    1.042655  (     644)
         244    0.459537    0.990459  (     144)
         245    0.459847    1.282816  (     497)
         246    0.460887    1.220988  (     994)
         247    0.462297    0.912330  (     477)
         248    0.462514    1.052043  (     926)
         249    0.464019    1.043673  (     670)
         250    0.465103    0.911925  (     653)
         251    0.465112    1.189931  (     138)
         252    0.466341    0.826490  (      63)
         253    0.471432    1.312260  (     963)
         254    0.472664    1.027319  (     921)
         255    0.473398    1.059657  (     707)
         256    0.473533    1.237959  (     609)
         257    0.474366    0.938484  (     775)
         258    0.474506    1.323771  (     909)
         259    0.474558    1.041962  (     880)
         260    0.475038    1.314209  (     706)
         261    0.475465    0.933975  (     348)
         262    0.475493    1.122131  (     621)
         263    0.476704    1.536111  (     443)
         264    0.477240    1.234140  (     372)
         265    0.477915    1.064308  (     786)
         266    0.478768    1.065450  (     884)
         267    0.479274    1.326101  (     930)
         268    0.479333    1.230648  (     696)
         269    0.479627    0.873411  (      94)
         270    0.479919    1.017931  (     973)
         271    0.480059    1.329651  (     905)
         272    0.481533    1.343155  (     975)
         273    0.481835    1.326986  (     713)
         274    0.482688    1.331076  (     489)
         275    0.483308    0.994777  (      19)
         276    0.483599    1.039307  (     533)
         277    0.484013    1.234034  (     244)
         278    0.484156    1.341495  (     869)
         279    0.484258    1.343877  (     954)
         280    0.484311    1.343268  (     900)
         281    0.484631    1.154897  (     847)
         282    0.484648    1.275360  (     309)
         283    0.485821    1.171492  (     870)
         284    0.486821    1.184926  (     892)
         285    0.488306    1.353647  (     923)
         286    0.488356    1.354500  (     941)
         287    0.488419    1.355936  (     995)
         288    0.488827    1.418191  (     862)
         289    0.489284    1.356025  (     934)
         290    0.489856    1.273181  (     488)
         291    0.490219    1.357550  (     928)
         292    0.490299    1.358430  (     944)
         293    0.491025    1.340025  (     151)
         294    0.491055    1.402913  (     185)
         295    0.491260    1.004525  (      22)
         296    0.491437    1.235904  (     102)
         297    0.491482    0.971190  (     373)
         298    0.492068    1.055213  (     558)
         299    0.492437    1.300592  (     769)
         300    0.492480    1.168251  (     819)
         301    0.494982    0.937271  (     128)
         302    0.495650    1.367431  (     964)
         303    0.495705    1.370079  (     981)
         304    0.496646    1.368980  (     961)
         305    0.497584    1.368883  (     888)
         306    0.497648    1.370530  (     960)
         307    0.499016    0.912841  (     223)
         308    0.499634    1.017039  (     854)
         309    0.500021    1.373472  (     523)
         310    0.500114    1.050261  (     418)
         311    0.501173    1.373777  (     885)
         312    0.501950    1.416383  (     899)
         313    0.502815    1.075259  (     626)
         314    0.503847    0.934018  (     357)
         315    0.504350    1.235740  (     759)
         316    0.505078    1.133021  (     297)
         317    0.505326    1.122377  (     404)
         318    0.505392    1.382011  (     920)
         319    0.505411    1.220111  (     617)
         320    0.506896    0.937159  (     344)
         321    0.508000    1.084197  (     436)
         322    0.508844    1.386865  (     912)
         323    0.510903    1.313319  (     199)
         324    0.512114    1.381550  (     624)
         325    0.512837    1.049831  (     271)
         326    0.513240    1.196175  (     160)
         327    0.514537    1.382674  (     848)
         328    0.515063    0.989741  (     337)
         329    0.515281    1.108075  (     232)
         330    0.516560    0.948510  (     352)
         331    0.517794    1.368844  (     799)
         332    0.518200    1.189400  (      64)
         333    0.518302    1.282721  (     317)
         334    0.519271    1.394736  (     792)
         335    0.519781    1.573937  (     990)
         336    0.520835    1.176582  (     440)
         337    0.520897    1.165901  (     591)
         338    0.521213    1.380323  (     832)
         339    0.521972    1.395483  (     669)
         340    0.522690    0.992251  (     152)
         341    0.523456    1.193056  (     985)
         342    0.523816    1.360249  (     105)
         343    0.526359    1.271417  (      66)
         344    0.528930    1.409764  (     714)
         345    0.529394    1.239780  (     262)
         346    0.529703    1.319517  (     979)
         347    0.533952    1.405617  (     867)
         348    0.534221    1.413916  (     927)
         349    0.534773    1.232196  (     218)
         350    0.534896    1.197336  (     562)
         351    0.535225    1.218997  (     190)
         352    0.537333    1.423196  (     731)
         353    0.537335    1.413594  (     686)
         354    0.538654    1.318380  (     331)
         355    0.539155    1.026532  (      30)
         356    0.539732    0.997589  (     159)
         357    0.539772    1.265328  (      96)
         358    0.541019    1.502607  (     594)
         359    0.542567    1.246832  (     986)
         360    0.542691    1.229109  (     806)
         361    0.543301    1.636750  (     227)
         362    0.543718    1.426292  (     660)
         363    0.544484    1.174377  (     211)
         364    0.544521    1.512514  (     721)
         365    0.544692    1.206096  (     506)
         366    0.545043    1.307959  (     974)
         367    0.545583    1.289783  (      60)
         368    0.546209    1.363471  (     715)
         369    0.546233    1.384141  (     544)
         370    0.547653    1.406628  (     708)
         371    0.547930    1.251862  (     235)
         372    0.548847    1.197178  (     805)
         373    0.549956    1.228327  (     385)
         374    0.550754    1.429598  (     629)
         375    0.550795    1.275840  (     341)
         376    0.550985    1.247505  (     242)
         377    0.551195    1.262655  (     312)
         378    0.551322    1.418329  (     616)
         379    0.551548    1.285560  (     521)
         380    0.552326    1.226001  (     520)
         381    0.552986    1.249501  (     248)
         382    0.553523    1.434740  (     838)
         383    0.554625    1.298420  (      69)
         384    0.554987    1.251496  (     252)
         385    0.555081    1.280914  (      98)
         386    0.555151    1.408003  (     414)
         387    0.555290    1.403202  (     724)
         388    0.555397    1.402468  (     809)
         389    0.555434    1.393452  (     997)
         390    0.555545    1.395736  (     978)
         391    0.556246    1.284192  (      90)
         392    0.556528    1.315329  (     118)
         393    0.557210    1.286720  (     268)
         394    0.557735    1.442554  (     593)
         395    0.557919    1.437427  (     640)
         396    0.558636    1.419890  (     747)
         397    0.558857    1.420468  (     682)
         398    0.559638    1.423542  (     673)
         399    0.561561    1.454686  (     739)
         400    0.562061    1.420976  (     381)
         401    0.562515    1.431708  (     603)
         402    0.563011    1.432358  (     581)
         403    0.563886    1.404090  (     972)
         404    0.564102    1.435551  (     576)
         405    0.564808    1.450362  (     596)
         406    0.565024    1.438141  (     567)
         407    0.565855    1.306199  (      71)
         408    0.566283    1.444015  (     612)
         409    0.566858    1.291186  (     396)
         410    0.567155    1.310782  (      73)
         411    0.567308    1.448403  (     611)
         412    0.568355    1.449696  (     608)
         413    0.568486    1.449867  (     607)
         414    0.568539    1.312228  (      74)
         415    0.568616    1.450038  (     606)
         416    0.568711    1.312419  (      75)
         417    0.568828    1.293181  (     402)
         418    0.568883    1.312609  (      76)
         419    0.569177    1.445037  (     519)
         420    0.569432    1.448811  (     550)
         421    0.569666    1.451331  (     605)
         422    0.569722    1.903485  (     698)
         423    0.569809    1.449754  (     552)
         424    0.569859    1.468162  (     751)
         425    0.570138    1.463706  (     649)
         426    0.570267    1.314054  (      77)
         427    0.570312    1.434260  (     656)
         428    0.570360    1.326564  (     101)
         429    0.570406    1.296427  (     103)
         430    0.570566    1.448348  (     522)
         431    0.570796    1.295175  (     407)
         432    0.570799    1.455649  (     610)
         433    0.570904    1.434730  (     382)
         434    0.571091    1.266731  (     285)
         435    0.571263    1.304960  (     635)
         436    0.571525    1.478539  (     499)
         437    0.571656    1.318559  (      81)
         438    0.571731    1.451034  (     526)
         439    0.572532    1.317114  (     315)
         440    0.572630    1.321656  (     700)
         441    0.572795    1.050963  (      43)
         442    0.572972    1.456893  (     555)
         443    0.572989    1.308493  (     642)
         444    0.573624    1.464076  (     613)
         445    0.574203    1.281522  (     374)
         446    0.574431    1.311363  (     652)
         447    0.574483    1.461472  (     573)
         448    0.574600    1.460494  (     560)
         449    0.574608    1.460512  (     561)
         450    0.574922    1.446335  (     543)
         451    0.574927    1.583547  (     169)
         452    0.575259    1.464040  (     595)
         453    0.575574    1.462785  (     570)
         454    0.575711    1.462959  (     569)
         455    0.575849    1.463133  (     568)
         456    0.576197    1.461898  (     546)
         457    0.576839    1.465415  (     579)
         458    0.576847    1.465433  (     580)
         459    0.576941    1.464445  (     565)
         460    0.577189    1.243812  (     730)
         461    0.577456    1.446362  (     508)
         462    0.578240    1.273256  (     310)
         463    0.578320    1.448757  (     796)
         464    0.578545    1.468950  (     587)
         465    0.578889    1.315832  (     556)
         466    0.579218    1.462265  (     583)
         467    0.579497    1.477641  (     677)
         468    0.579917    1.026770  (     469)
         469    0.579979    1.474988  (     637)
         470    0.580024    1.482413  (     823)
         471    0.580302    1.371329  (     514)
         472    0.580575    1.423795  (     585)
         473    0.581340    1.477750  (     641)
         474    0.582205    1.470136  (     818)
         475    0.582374    1.310713  (      59)
         476    0.582423    1.476489  (     615)
         477    0.582776    1.326355  (      82)
         478    0.582909    1.477475  (     620)
         479    0.583256    1.339253  (     106)
         480    0.583541    1.475318  (     590)
         481    0.583686    1.459095  (     456)
         482    0.584508    1.477963  (     622)
         483    0.584813    1.476827  (     589)
         484    0.584884    1.342178  (     112)
         485    0.585152    1.475711  (     557)
         486    0.586086    1.478335  (     586)
         487    0.586760    1.475511  (     542)
         488    0.586761    1.310444  (     476)
         489    0.586806    1.470250  (     600)
         490    0.587473    1.411537  (     462)
         491    0.588426    1.337043  (     801)
         492    0.588452    1.294000  (     408)
         493    0.589572    1.489056  (     659)
         494    0.589856    1.325222  (     623)
         495    0.589934    1.486233  (     614)
         496    0.590253    1.423176  (     479)
         497    0.590349    1.339037  (     816)
         498    0.591157    1.491913  (     671)
         499    0.591787    1.472603  (     438)
         500    0.592024    1.335148  (      99)
         501    0.592271    1.341031  (     825)
         502    0.592900    1.314319  (     434)
         503    0.593146    1.495466  (     687)
         504    0.594114    1.317085  (     513)
         505    0.594251    1.483477  (     554)
         506    0.594501    1.496476  (     693)
         507    0.594676    1.506941  (     984)
         508    0.595012    1.055412  (     464)
         509    0.596120    1.351887  (     113)
         510    0.596129    1.489529  (     563)
         511    0.596441    1.272331  (     299)
         512    0.598126    1.192522  (     865)
         513    0.599673    1.445343  (     712)
         514    0.599748    1.500431  (     646)
         515    0.600906    1.503887  (     725)
         516    0.601152    1.485748  (     531)
         517    0.601819    1.530596  (     720)
         518    0.602702    1.506839  (     741)
         519    0.603959    1.337721  (     678)
         520    0.604076    1.352176  (     915)
         521    0.604945    1.510506  (     785)
         522    0.606579    1.289156  (     273)
         523    0.607985    1.356339  (     936)
         524    0.608193    1.506840  (     758)
         525    0.609070    1.499212  (     510)
         526    0.609146    1.512769  (     817)
         527    0.609860    1.081022  (     467)
         528    0.610862    1.352836  (      95)
         529    0.612143    1.459983  (     842)
         530    0.612721    1.318862  (     633)
         531    0.613241    1.526049  (     654)
         532    0.614127    1.265227  (     716)
         533    0.614268    1.269282  (     727)
         534    0.616643    1.531039  (     980)
         535    0.617680    1.549022  (     703)
         536    0.619442    1.331980  (     412)
         537    0.619589    1.551255  (     702)
         538    0.621509    1.553484  (     701)
         539    0.622584    1.238895  (     253)
         540    0.623034    1.351456  (     664)
         541    0.623346    1.302361  (     752)
         542    0.624036    1.510647  (     461)
         543    0.624072    1.360403  (     876)
         544    0.625636    1.219471  (     360)
         545    0.625922    1.515272  (     483)
         546    0.626125    1.576885  (     755)
         547    0.628055    1.372589  (     815)
         548    0.628595    1.361069  (     820)
         549    0.632886    1.524591  (     447)
         550    0.634099    1.323122  (     501)
         551    0.635490    1.529538  (     490)
         552    0.637366    1.902830  (     827)
         553    0.637600    1.376948  (     791)
         554    0.638499    1.571480  (     694)
         555    0.640207    1.381137  (      93)
         556    0.641949    1.544585  (     503)
         557    0.646670    1.514577  (     992)
         558    0.647310    1.384176  (     380)
         559    0.647887    1.386418  (     224)
         560    0.648545    1.497728  (     168)
         561    0.648733    1.650235  (     170)
         562    0.649808    1.367191  (     843)
         563    0.649900    1.304723  (     679)
         564    0.650590    1.201380  (     210)
         565    0.651466    1.444883  (     367)
         566    0.652155    1.953197  (     336)
         567    0.657043    1.553020  (     833)
         568    0.657201    1.261845  (     354)
         569    0.657548    1.239351  (     293)
         570    0.658169    1.594011  (     577)
         571    0.658889    1.411800  (     534)
         572    0.660253    1.234103  (     662)
         573    0.660256    1.373615  (     161)
         574    0.662056    1.448094  (     738)
         575    0.662475    1.534109  (     478)
         576    0.663804    1.273786  (     283)
         577    0.664284    1.524343  (     259)
         578    0.664514    1.538197  (     451)
         579    0.665316    1.566808  (     802)
         580    0.665835    1.554383  (     435)
         581    0.668127    1.364771  (     319)
         582    0.668878    1.552580  (     471)
         583    0.669816    1.376675  (     935)
         584    0.670946    1.552888  (     419)
         585    0.672240    1.551794  (     398)
         586    0.672582    1.375044  (     858)
         587    0.674091    1.538918  (     256)
         588    0.674834    1.512405  (     722)
         589    0.675531    1.568879  (     437)
         590    0.675714    1.548316  (     449)
         591    0.675973    1.565039  (     426)
         592    0.676090    1.563961  (     420)
         593    0.677236    1.566464  (     423)
         594    0.678410    1.568995  (     429)
         595    0.678499    1.567888  (     422)
         596    0.680469    1.160798  (     638)
         597    0.681104    1.582371  (     491)
         598    0.681518    1.182434  (      83)
         599    0.681670    1.469755  (     942)
         600    0.682506    1.339184  (     289)
         601    0.683465    1.561959  (     391)
         602    0.684685    1.581360  (     458)
         603    0.685823    1.579650  (     428)
         604    0.687117    1.581094  (     430)
         605    0.688411    1.582538  (     431)
         606    0.688622    1.578482  (     417)
         607    0.692470    1.171087  (     648)
         608    0.692701    1.597818  (     541)
         609    0.693123    1.596226  (     500)
         610    0.693369    1.428077  (     157)
         611    0.693404    1.359859  (     883)
         612    0.694425    1.414355  (     400)
         613    0.695081    1.363474  (     896)
         614    0.695126    1.378374  (     914)
         615    0.696479    1.366411  (     903)
         616    0.698678    1.593245  (     427)
         617    0.699949    2.065439  (     697)
         618    0.699980    1.490961  (     481)
         619    0.700159    1.590156  (     455)
         620    0.702434    1.610285  (     907)
         621    0.703334    1.502648  (     300)
         622    0.704977    1.551753  (     107)
         623    0.705013    1.611877  (     571)
         624    0.705032    1.621580  (     452)
         625    0.708252    1.515098  (     198)
         626    0.709223    1.606031  (     551)
         627    0.709253    1.197726  (     658)
         628    0.710108    1.604916  (     459)
         629    0.711681    1.618269  (     634)
         630    0.718384    1.636388  (     783)
         631    0.718787    1.459375  (     494)
         632    0.720504    1.682117  (     773)
         633    0.722273    1.639048  (     822)
         634    0.725374    1.221492  (     672)
         635    0.727074    2.205485  (     695)
         636    0.729061    1.468566  (     291)
         637    0.732153    1.370099  (     276)
         638    0.733302    1.651053  (     993)
         639    0.736635    1.513257  (     859)
         640    0.738614    2.264259  (     639)
         641    0.739674    1.786273  (     743)
         642    0.744150    1.661328  (     970)
         643    0.747801    1.520460  (     538)
         644    0.749593    1.373032  (     584)
         645    0.750743    1.452154  (     748)
         646    0.752770    1.896893  (     948)
         647    0.753464    1.607982  (     117)
         648    0.753820    1.560006  (     931)
         649    0.754909    1.502744  (     116)
         650    0.756359    1.644432  (     999)
         651    0.760056    1.492856  (     983)
         652    0.762120    1.503913  (     578)
         653    0.763246    1.460309  (     294)
         654    0.763512    1.599419  (     120)
         655    0.764039    1.658248  (     879)
         656    0.768117    1.633914  (     182)
         657    0.772828    1.640228  (     200)
         658    0.773066    1.672795  (     834)
         659    0.777680    1.646701  (     226)
         660    0.778151    1.664880  (     432)
         661    0.779755    1.654411  (     525)
         662    0.781083    1.689641  (     757)
         663    0.784716    1.504861  (     214)
         664    0.788362    1.668844  (     466)
         665    0.788393    1.680149  (     424)
         666    0.790394    1.639234  (      89)
         667    0.790965    1.527994  (     661)
         668    0.792386    1.598593  (      24)
         669    0.794585    1.673886  (     383)
         670    0.800468    1.642941  (     744)
         671    0.803881    1.470071  (     685)
         672    0.808676    1.571683  (     296)
         673    0.811998    1.563415  (     604)
         674    0.816065    1.628183  (      21)
         675    0.817423    1.635759  (      26)
         676    0.818976    1.643245  (      36)
         677    0.826654    1.468970  (     287)
         678    0.830450    1.650248  (      35)
         679    0.833548    1.482985  (     181)
         680    0.835318    1.644452  (     454)
         681    0.847079    1.707169  (     933)
         682    0.847799    1.726464  (     302)
         683    0.849281    1.680465  (     705)
         684    0.850647    1.668303  (     406)
         685    0.851399    1.607533  (     158)
         686    0.856117    1.694200  (     496)
         687    0.864061    1.769500  (     851)
         688    0.865402    1.620718  (     110)
         689    0.866398    1.662955  (     835)
         690    0.871275    1.631138  (       6)
         691    0.871282    1.563181  (     774)
         692    0.874127    1.746995  (     797)
         693    0.881505    1.617769  (      62)
         694    0.883166    1.762020  (     688)
         695    0.892770    1.765086  (     221)
         696    0.897236    1.705404  (     690)
         697    0.899008    1.646685  (     265)
         698    0.900239    1.667730  (     162)
         699    0.905815    1.792047  (     453)
         700    0.913674    1.783319  (     329)
         701    0.918632    1.757566  (     746)
         702    0.920884    1.718909  (     334)
         703    0.922370    1.772088  (     156)
         704    0.925264    1.620580  (     910)
         705    0.925320    1.825571  (     771)
         706    0.925654    1.716201  (      28)
         707    0.933686    1.787287  (     215)
         708    0.956550    1.806043  (     762)
         709    0.958246    1.854490  (     333)
         710    0.962506    1.851748  (     998)
         711    0.968981    1.856962  (     699)
         712    0.969725    1.832125  (     804)
         713    0.977084    1.848736  (     504)
         714    0.977321    1.750776  (     163)
         715    0.980243    1.926656  (     470)
         716    0.981875    1.789033  (     675)
         717    0.985447    1.927639  (     598)
         718    0.997990    1.853511  (     416)
         719    1.001669    1.892600  (     897)
         720    1.008585    1.893604  (     803)
         721    1.011636    1.899917  (     891)
         722    1.013717    1.894264  (     492)
         723    1.025692    1.940926  (     929)
         724    1.026913    1.807264  (     282)
         725    1.033722    1.798352  (     108)
         726    1.034506    1.994360  (     680)
         727    1.036385    1.910933  (     846)
         728    1.036484    1.957481  (     866)
         729    1.037944    1.806943  (     197)
         730    1.041138    1.848935  (     814)
         731    1.041323    1.838558  (     209)
         732    1.042845    1.866658  (     195)
         733    1.044842    1.838155  (     245)
         734    1.054569    1.867441  (     515)
         735    1.054760    1.708199  (     938)
         736    1.055003    1.879955  (     643)
         737    1.057539    1.871159  (     229)
         738    1.058498    1.939230  (     943)
         739    1.060502    1.809993  (     850)
         740    1.064400    1.832393  (     691)
         741    1.067769    2.039693  (     480)
         742    1.068445    1.883102  (     495)
         743    1.070666    1.912276  (     668)
         744    1.078773    1.879667  (     502)
         745    1.079499    2.050911  (     932)
         746    1.084100    2.064022  (     512)
         747    1.092523    2.106971  (     831)
         748    1.102272    2.044890  (     873)
         749    1.141564    2.046371  (     913)
         750    1.144089    1.991458  (     878)
         751    1.170198    2.117736  (     940)
         752    1.181790    2.169760  (     564)
         753    1.214098    2.217998  (     916)
         754    1.217939    2.220278  (     871)
         755    1.218278    2.218456  (     539)
         756    1.224435    2.202232  (     446)
         757    1.229853    2.232524  (     663)
         758    1.235273    2.239810  (     666)
         759    1.235531    2.217121  (     314)
         760    1.239933    2.197617  (     917)
         761    1.243207    2.250706  (     772)
         762    1.243453    2.249876  (     665)
         763    1.248826    2.209270  (     836)
         764    1.248940    2.208334  (     872)
         765    1.249956    2.210895  (     821)
         766    1.250988    2.213483  (     753)
         767    1.251085    2.212518  (     807)
         768    1.254828    2.266476  (     886)
         769    1.256546    2.226296  (     518)
         770    1.259594    2.227378  (     410)
         771    1.259712    2.271162  (     728)
         772    1.259847    2.224003  (     718)
         773    1.262982    2.246701  (     647)
         774    1.263891    2.241839  (     338)
         775    1.266007    2.279732  (     798)
         776    1.267310    2.197998  (     183)
         777    1.268672    2.283458  (     829)
         778    1.269027    2.283981  (     840)
         779    1.269381    2.284503  (     844)
         780    1.270216    2.259877  (     976)
         781    1.272033    2.288214  (     874)
         782    1.274505    2.259160  (     220)
         783    1.277180    2.295153  (     924)
         784    1.277857    2.274290  (     955)
         785    1.280583    2.266823  (     174)
         786    1.281846    2.269419  (     575)
         787    1.284559    2.283404  (     196)
         788    1.285317    2.295322  (     684)
         789    1.286637    2.237506  (     147)
         790    1.287052    2.250566  (     260)
         791    1.287204    2.307581  (     893)
         792    1.287726    2.285184  (     243)
         793    1.288165    2.286950  (     180)
         794    1.289397    2.308747  (     736)
         795    1.289510    2.308915  (     737)
         796    1.291589    2.304992  (     767)
         797    1.297079    2.313431  (     860)
         798    1.297392    2.300247  (     189)
         799    1.298252    2.329282  (     537)
         800    1.301165    2.284324  (     141)
         801    1.302939    2.311517  (     405)
         802    1.304629    2.329422  (     890)
         803    1.304655    2.315721  (     247)
         804    1.304738    2.320754  (     363)
         805    1.305129    2.258390  (     173)
         806    1.306242    2.332335  (     947)
         807    1.307217    2.333525  (     949)
         808    1.309831    2.336165  (     901)
         809    1.310002    2.336421  (     906)
         810    1.312441    2.339884  (     953)
         811    1.312768    2.340372  (     956)
         812    1.313094    2.340860  (     962)
         813    1.313486    2.330767  (     343)
         814    1.314294    2.333102  (     378)
         815    1.314638    2.044240  (     857)
         816    1.315214    2.320269  (     441)
         817    1.315366    2.344075  (     991)
         818    1.315523    2.344309  (     996)
         819    1.315552    2.334850  (     388)
         820    1.316809    2.336596  (     393)
         821    1.317256    2.338173  (     421)
         822    1.317562    2.346301  (     965)
         823    1.318300    2.347206  (     967)
         824    1.318486    2.291887  (     902)
         825    1.318583    2.353839  (     655)
         826    1.319890    2.347468  (     952)
         827    1.321444    2.350565  (     619)
         828    1.322190    2.348644  (     812)
         829    1.325121    2.352588  (     683)
         830    1.326204    2.348756  (     415)
         831    1.326820    2.280564  (     208)
         832    1.328194    2.317967  (     528)
         833    1.330431    2.308431  (     545)
         834    1.330662    2.342090  (     307)
         835    1.330852    2.332948  (     201)
         836    1.330930    2.334178  (     951)
         837    1.331015    2.357145  (     689)
         838    1.331041    2.363079  (     957)
         839    1.331361    2.343573  (     473)
         840    1.331985    2.292416  (     228)
         841    1.332088    2.343766  (     278)
         842    1.338179    2.356935  (     588)
         843    1.338459    2.373047  (     511)
         844    1.340066    2.369711  (     841)
         845    1.340067    2.369936  (     811)
         846    1.341556    2.348208  (     356)
         847    1.342182    2.370024  (     692)
         848    1.343054    2.372233  (     789)
         849    1.344406    2.365793  (     493)
         850    1.350669    2.377037  (     529)
         851    1.351091    2.326932  (     212)
         852    1.351831    2.371079  (     342)
         853    1.352557    2.317856  (     254)
         854    1.353013    2.375689  (     439)
         855    1.353168    2.302733  (     257)
         856    1.354185    2.374526  (     361)
         857    1.354501    2.375013  (     365)
         858    1.354816    2.375499  (     370)
         859    1.355589    2.322483  (     267)
         860    1.355994    2.323131  (     269)
         861    1.356067    2.372138  (     345)
         862    1.356127    2.374131  (     305)
         863    1.356398    2.323779  (     272)
         864    1.357159    2.378932  (     389)
         865    1.358324    2.339423  (     351)
         866    1.359413    2.328381  (     284)
         867    1.362575    2.401627  (     937)
         868    1.366666    2.391945  (     830)
         869    1.367413    2.403299  (     756)
         870    1.375924    2.405026  (     498)
         871    1.381595    2.356028  (     347)
         872    1.382466    2.375564  (     139)
         873    1.383520    2.363517  (     362)
         874    1.384368    2.417323  (     301)
         875    1.386270    2.393975  (     125)
         876    1.387241    2.406538  (     274)
         877    1.388432    2.340207  (     379)
         878    1.388844    2.395188  (     111)
         879    1.389434    2.434538  (     754)
         880    1.392041    2.438853  (     988)
         881    1.398312    2.393187  (     601)
         882    1.398353    2.435899  (     425)
         883    1.398455    2.412751  (      54)
         884    1.399730    2.387586  (      40)
         885    1.401358    2.437007  (     625)
         886    1.403849    2.388086  (      97)
         887    1.404162    2.385312  (     457)
         888    1.404338    2.437144  (     368)
         889    1.406012    2.397137  (      32)
         890    1.408929    2.396914  (     114)
         891    1.410510    2.398843  (     230)
         892    1.412174    2.453895  (     599)
         893    1.412497    2.463553  (     918)
         894    1.413701    2.408873  (      42)
         895    1.413955    2.405647  (     126)
         896    1.416417    2.421489  (      16)
         897    1.417899    2.479999  (     517)
         898    1.418873    2.458381  (     559)
         899    1.418971    2.440023  (      61)
         900    1.421282    2.420453  (      51)
         901    1.422067    2.406243  (     657)
         902    1.422104    2.459010  (     266)
         903    1.422908    2.505908  (     153)
         904    1.427659    2.523398  (     177)
         905    1.429316    2.428666  (     444)
         906    1.429562    2.443005  (      20)
         907    1.431719    2.446319  (      17)
         908    1.433912    2.449670  (      12)
         909    1.434301    2.456518  (     104)
         910    1.434972    2.497354  (     711)
         911    1.436208    2.479625  (     524)
         912    1.440828    2.481867  (     358)
         913    1.441597    2.456403  (      46)
         914    1.443790    2.581651  (     178)
         915    1.446966    2.514080  (     826)
         916    1.448547    2.529442  (     353)
         917    1.451916    2.478593  (      52)
         918    1.452147    2.612730  (     304)
         919    1.454441    2.502852  (     339)
         920    1.455609    2.581020  (     202)
         921    1.460143    2.532652  (     977)
         922    1.460753    2.629261  (     445)
         923    1.460926    2.619232  (     295)
         924    1.462031    2.500335  (      53)
         925    1.462944    2.517385  (     460)
         926    1.468652    2.519506  (     359)
         927    1.480911    2.677377  (     485)
         928    1.502362    2.572908  (     636)
         929    1.504296    2.567604  (     750)
         930    1.504471    2.594878  (      37)
         931    1.518650    2.592898  (     433)
         932    1.524991    2.604298  (     369)
         933    1.530080    2.652248  (     206)
         934    1.535826    2.721760  (     164)
         935    1.540168    2.621623  (     281)
         936    1.543035    2.762331  (     366)
         937    1.546072    2.636021  (     217)
         938    1.547696    2.765659  (     323)
         939    1.562555    2.669990  (     487)
         940    1.571806    2.783013  (     486)
         941    1.578568    2.774926  (     971)
         942    1.579285    2.695481  (     597)
         943    1.579772    2.725195  (     397)
         944    1.584043    2.861386  (     709)
         945    1.584303    2.855283  (     549)
         946    1.588364    2.817618  (     507)
         947    1.589253    2.728173  (     246)
         948    1.590476    2.723162  (     324)
         949    1.594782    2.732943  (     475)
         950    1.604204    2.850727  (     572)
         951    1.604224    2.745582  (     813)
         952    1.611653    2.832060  (     442)
         953    1.613556    2.773911  (     280)
         954    1.618534    2.785681  (     881)
         955    1.637780    2.827610  (     241)
         956    1.643774    2.887037  (      85)
         957    1.695929    2.975029  (     377)
         958    1.705187    3.007270  (      72)
         959    1.859201    3.344266  (     330)
         960    1.868388    3.330959  (     390)
         961    2.461984    4.612299  (     249)
         962    2.519263    4.723726  (     355)
         963    2.535862    4.751256  (     911)
         964    2.560791    4.798291  (     188)
         965    2.588609    4.851596  (     263)
         966    2.612204    4.948645  (     794)
         967    2.618986    4.888107  (     855)
         968    2.623763    4.935790  (     945)
         969    2.632340    4.978593  (     925)
         970    2.645347    4.983641  (     468)
         971    2.653468    5.015329  (     450)
         972    2.674855    5.085300  (     592)
         973    2.687534    5.108803  (     553)
         974    2.690070    5.023313  (     719)
         975    2.705676    5.122781  (     384)
         976    2.721098    5.161517  (     288)
         977    2.736903    5.200590  (     448)
         978    2.737098    5.192515  (     349)
         979    2.737895    5.199010  (     667)
         980    2.743942    5.226768  (     919)
         981    2.746017    5.221703  (     839)
         982    2.749510    5.229263  (     516)
         983    2.750813    5.207091  (     413)
         984    2.780636    5.281145  (     861)
         985    2.791442    5.299798  (     852)
         986    2.801616    5.329235  (     745)
         987    2.803535    5.329728  (     968)
         988    2.806328    5.335081  (     898)
         989    2.809684    5.344892  (     800)
         990    2.809935    5.346049  (     760)
         991    2.811050    5.348299  (     761)
         992    2.812167    5.350552  (     763)
         993    2.812725    5.352476  (     729)
         994    2.820002    5.369800  (     674)
         995    2.820671    5.367673  (     793)
         996    2.826350    5.385671  (     676)
         997    2.834482    5.403948  (     717)
         998    2.837682    5.410630  (     740)
         999    2.842000    5.423338  (     889)
        1000    2.936431    5.674277  (     845)
